# Song:    notes_song4.chart
# Section: [MediumSingle] | Resolution: 192 | Offset: 0.0
# Notes:   408 (raw: 408, density filter: min_dist=96)
# Range:   MINIX tick 117 -> 12928 (~215.5s at 60Hz)
# Format:  MINIX_TICK LANE  (lanes 0=Verde 1=Vermelho 2=Amarelo 3=Azul 4=Laranja)
#
117 0
145 0
173 0
201 0
229 0
257 0
286 0
314 0
1242 1
1270 2
1284 1
1298 3
1326 3
1340 2
1354 1
1382 3
1397 1
1411 3
1439 3
1453 1
1467 0
1495 2
1509 0
1523 1
1551 3
1565 0
1579 1
1607 2
1622 1
1636 2
1664 2
1678 1
1692 1
1720 2
1734 1
1748 3
1776 3
1790 2
1804 1
1832 3
1847 1
1861 3
1889 3
1903 1
1917 0
1945 2
1959 0
1973 1
2001 3
2015 0
2029 1
2057 2
2072 1
2086 2
2114 2
2128 1
2142 3
2170 3
2198 1
2226 0
2254 0
2282 3
2311 3
2339 3
2367 2
2395 2
2423 1
2451 0
2479 2
2507 3
2536 3
2564 3
2606 1
2620 1
2648 2
2676 3
2704 2
2732 1
2761 1
2803 1
2831 1
2845 1
2873 2
2901 3
2929 2
2957 1
2986 2
3028 0
3056 1
3070 1
3098 2
3126 3
3154 2
3182 1
3211 1
3253 1
3281 1
3295 1
3323 2
3351 3
3379 2
3407 1
3436 2
3478 0
3506 1
3520 1
3548 2
3576 3
3604 2
3632 1
3661 1
3703 1
3731 1
3745 1
3773 2
3801 3
3829 2
3857 1
3886 2
3928 0
3956 1
3970 1
3998 2
4026 3
4054 2
4082 1
4111 1
4153 1
4181 1
4195 1
4223 2
4251 3
4279 2
4307 1
4336 2
4378 0
4406 1
4420 1
4448 2
4476 3
4504 2
4532 1
4561 1
4603 1
4631 1
4645 1
4673 2
4701 3
4729 2
4757 1
4786 2
4828 0
4842 0
4856 1
4954 1
4968 2
5067 1
5081 2
5123 0
5137 1
5151 2
5165 1
5179 0
5193 1
5292 0
5306 1
5404 1
5418 2
5517 1
5531 2
5573 0
5587 1
5601 2
5615 1
5629 0
5643 1
5742 0
5770 0
5798 2
5826 2
5854 1
5882 1
5911 1
5939 2
5967 3
5995 0
6023 1
6051 1
6079 0
6107 0
6136 0
6164 0
6192 0
6220 0
6248 2
6276 2
6304 1
6332 1
6361 1
6389 2
6417 3
6445 0
6473 1
6501 1
6529 2
6557 2
6586 2
6614 2
6642 3
6670 3
6698 1
6726 0
6754 0
6782 3
6811 3
6839 3
6867 2
6895 2
6923 1
6951 0
6979 2
7007 3
7036 3
7064 3
7106 1
7120 1
7148 2
7176 3
7204 2
7232 1
7261 1
7303 1
7331 1
7345 1
7373 2
7401 3
7429 2
7457 1
7486 2
7528 0
7556 1
7570 1
7598 2
7626 3
7654 2
7682 1
7711 1
7753 1
7781 1
7795 1
7823 2
7851 3
7879 2
7907 1
7936 2
7978 0
8006 1
8020 1
8048 2
8076 3
8104 2
8132 1
8161 1
8203 1
8231 1
8245 1
8273 2
8301 3
8329 2
8357 1
8386 2
8428 0
8456 1
8470 1
8498 2
8526 3
8554 2
8582 1
8611 1
8653 1
8681 1
8695 1
8723 2
8751 3
8779 2
8807 1
8836 2
8878 0
8906 1
8920 1
8948 2
8976 3
9004 2
9032 1
9061 1
9103 1
9131 1
9145 1
9173 2
9201 3
9229 2
9257 1
9286 2
9328 0
9342 3
9370 3
9398 1
9426 0
9454 0
9482 3
9511 3
9539 3
9792 3
9820 3
9848 1
9876 0
9904 0
9932 3
9961 3
9989 3
10242 3
10270 3
10298 1
10326 0
10354 0
10382 3
10411 3
10439 3
10706 1
10720 1
10748 2
10776 3
10804 2
10832 1
10861 1
10903 1
10931 1
10945 1
10973 2
11001 3
11029 2
11057 1
11086 2
11128 0
11156 1
11170 1
11198 2
11226 3
11254 2
11282 1
11311 1
11353 1
11381 1
11395 1
11423 2
11451 3
11479 2
11507 1
11536 2
11578 0
11606 1
11620 1
11648 2
11676 3
11704 2
11732 1
11761 1
11803 1
11831 1
11845 1
11873 2
11901 3
11929 2
11957 1
11986 2
12028 0
12056 1
12070 1
12098 2
12126 3
12154 2
12182 1
12211 1
12253 1
12281 1
12295 1
12323 2
12351 3
12379 2
12407 1
12436 2
12478 0
12506 1
12520 1
12548 2
12576 3
12604 2
12632 1
12661 1
12703 1
12731 1
12745 1
12773 2
12801 3
12829 2
12857 1
12886 2
12928 0
