# Song:    notes_song1.chart
# Section: [ExpertSingle] | Resolution: 192 | Offset: -1.0
# Notes:   492 (raw: 660, density filter: min_dist=96)
# Range:   MINIX tick 140 -> 12186 (~203.1s at 60Hz)
# Format:  MINIX_TICK LANE  (lanes 0=Verde 1=Vermelho 2=Amarelo 3=Azul 4=Laranja)
#
140 1
165 1
191 2
216 2
229 2
254 3
279 3
292 3
305 2
317 2
330 1
343 1
368 3
381 4
406 3
419 2
432 1
1357 3
1370 1
1382 3
1395 2
1408 3
1420 1
1433 3
1446 1
1458 3
1471 1
1484 3
1496 2
1509 3
1522 1
1534 3
1547 1
1560 3
1572 1
1585 3
1598 2
1610 3
1623 1
1636 3
1648 1
1661 3
1674 1
1686 3
1699 2
1712 3
1725 1
1737 3
1750 1
1763 3
1775 1
1788 3
1801 2
1813 3
1826 1
1839 3
1851 1
1864 3
1877 1
1889 3
1902 2
1915 3
1927 1
1940 3
1953 1
1965 4
1978 2
1991 4
2003 2
2016 4
2029 2
2041 4
2054 2
2067 4
2079 2
2092 4
2105 3
2117 3
2130 2
2143 2
2155 1
2168 0
2194 0
2219 1
2257 1
2282 2
2320 2
2333 1
2346 1
2358 0
2371 0
2396 0
2422 1
2460 1
2485 2
2523 2
2536 1
2548 1
2561 0
2574 0
2599 0
2625 3
2650 3
2675 1
2701 1
2726 2
2751 2
2777 0
2802 0
2827 0
2853 0
2878 1
2891 1
2903 1
2916 1
2929 1
2941 1
2979 0
3005 0
3030 1
3068 1
3094 2
3132 2
3144 1
3157 1
3170 0
3182 0
3208 0
3233 1
3271 1
3296 2
3334 2
3347 1
3360 1
3372 0
3385 0
3410 0
3436 3
3461 3
3486 1
3512 1
3537 2
3563 2
3588 0
3613 0
3639 0
3664 0
3727 3
3740 3
3753 2
3765 2
3778 1
3791 1
3816 1
3867 2
3905 3
3930 3
3943 3
3955 2
3968 2
3981 1
3994 1
4019 3
4057 3
4070 2
4133 3
4146 3
4158 2
4171 2
4184 1
4196 1
4222 3
4247 0
4272 3
4298 2
4310 1
4323 2
4336 0
4348 3
4374 3
4386 3
4399 3
4425 2
4450 2
4475 1
4488 2
4539 3
4551 3
4564 2
4577 2
4589 1
4602 1
4627 1
4653 2
4678 2
4716 3
4741 3
4754 3
4767 2
4779 2
4792 1
4805 1
4830 3
4868 3
4881 2
4944 3
4957 3
4970 2
4982 2
4995 1
5008 1
5033 3
5058 0
5084 3
5109 2
5122 1
5134 2
5147 0
5160 3
5185 3
5198 3
5210 3
5236 2
5261 2
5286 1
5299 2
5350 3
5363 3
5375 2
5388 2
5401 1
5413 1
5439 1
5464 2
5489 2
5527 3
5553 3
5565 3
5578 2
5591 2
5603 1
5616 1
5641 3
5679 3
5692 2
5755 3
5768 3
5781 2
5794 2
5806 1
5819 1
5844 3
5870 0
5895 3
5920 2
5933 1
5946 2
5958 0
5971 3
5996 3
6009 3
6022 3
6047 2
6072 2
6098 1
6110 2
7137 0
7173 0
7208 0
7232 3
7268 3
7304 3
7328 1
7364 1
7401 1
7437 2
7449 2
7473 2
7484 1
7496 1
7508 0
7520 0
7556 0
7592 0
7616 3
7652 3
7688 3
7797 1
7809 1
7822 1
7834 1
7847 1
7887 3
7901 1
7914 2
7928 2
7984 1
8006 1
8027 2
8041 2
8097 0
8118 0
8139 2
8153 2
8209 1
8231 1
8252 2
8266 2
8357 2
8378 2
8434 1
8456 1
8477 2
8491 2
8547 0
8568 0
8589 2
8603 2
8617 3
8659 1
8681 1
8702 2
8716 2
8772 1
8793 1
9156 3
9169 3
9182 2
9194 2
9207 1
9220 1
9245 3
9270 0
9296 3
9321 2
9334 1
9347 2
9359 0
9372 3
9397 3
9410 3
9423 3
9448 2
9473 2
9499 1
9511 2
9562 3
9575 3
9587 2
9600 2
9613 1
9625 2
9638 1
9651 0
9663 2
9676 1
9689 0
9701 2
9714 1
9727 2
9739 1
9752 0
9765 2
9778 1
9790 0
9803 2
9816 3
9828 2
9841 1
9854 0
9866 2
9879 1
9892 0
9904 2
9917 1
9930 2
9942 1
9955 0
9968 2
9980 0
9993 0
10006 2
10018 1
10031 3
10044 2
10056 1
10069 3
10082 2
10094 1
10107 3
10120 2
10132 3
10145 2
10158 1
10170 3
10183 2
10196 1
10208 3
10221 4
10234 3
10247 2
10259 3
10272 2
10285 3
10297 2
10310 3
10323 2
10335 4
10348 2
10361 4
10373 2
10386 3
10399 3
10411 2
10424 2
10437 1
10462 1
10487 2
10513 2
10551 3
10576 3
10589 3
10601 2
10614 2
10627 1
10639 1
10665 3
10703 3
10716 2
10779 3
10792 3
10804 2
10817 2
10830 1
10842 1
10868 3
10893 0
10918 3
10944 2
10956 1
10969 2
10982 0
10994 3
11020 3
11032 3
11045 3
11070 2
11096 2
11121 1
11134 2
11185 3
11197 3
11210 2
11223 2
11235 1
11273 1
11286 1
11324 2
11362 3
11387 3
11400 3
11413 2
11425 2
11438 1
11476 3
11514 3
11527 2
11590 3
11603 3
11616 2
11628 2
11641 1
11755 2
11768 1
11780 2
11793 0
11806 3
11818 4
11850 2
11932 0
11945 3
11958 2
11970 3
11983 2
11996 3
12008 0
12059 2
12073 2
12130 0
12151 0
12172 2
12186 2
