# Song:    notes_song2.chart
# Section: [MediumSingle] | Resolution: 192 | Offset: -1.0
# Notes:   708 (raw: 709, density filter: min_dist=96)
# Range:   MINIX tick 60 -> 19173 (~319.6s at 60Hz)
# Format:  MINIX_TICK LANE  (lanes 0=Verde 1=Vermelho 2=Amarelo 3=Azul 4=Laranja)
#
60 0
82 1
104 2
125 0
147 1
169 2
191 0
213 1
235 2
256 2
278 1
300 3
322 2
344 1
365 3
387 2
409 1
431 3
453 3
475 2
496 0
518 1
540 2
562 0
584 1
605 2
627 0
649 1
671 2
693 2
715 1
736 3
758 2
780 1
802 3
824 2
845 1
867 3
889 3
911 2
933 0
955 1
976 2
998 0
1020 1
1042 2
1064 0
1085 1
1107 2
1129 2
1151 1
1173 3
1195 2
1216 1
1238 3
1260 2
1282 1
1304 3
1325 3
1347 2
1369 0
1391 1
1413 2
1435 0
1456 1
1478 2
1500 0
1522 1
1544 2
1565 2
1587 1
1609 3
1631 2
1653 1
1675 3
1696 2
1718 1
1740 3
1762 3
1784 2
1805 0
1827 1
1849 2
1871 0
1893 1
1915 2
1936 0
1958 1
1980 2
2002 2
2024 1
2045 3
2067 2
2089 1
2111 3
2133 2
2155 1
2176 3
2198 3
2220 2
2242 0
2264 1
2285 2
2307 0
2329 1
2351 2
2373 0
2395 1
2416 2
2438 2
2460 1
2482 3
2504 2
2525 1
2547 3
2569 2
2591 1
2613 3
2634 3
2656 2
2678 1
2700 2
2722 2
2743 1
2765 2
2787 2
2809 1
2831 2
2853 2
2874 2
2896 0
2918 3
2940 3
2962 0
2983 2
3005 2
3027 0
3049 1
3071 1
3093 0
3114 1
3136 2
3158 2
3180 1
3202 2
3223 2
3245 1
3267 2
3289 2
3311 2
3333 0
3354 3
3376 3
3398 0
3420 2
3442 2
3463 0
3485 1
3507 1
3529 0
3551 1
3573 2
3594 2
3616 1
3638 2
3660 2
3682 1
3703 2
3725 2
3747 2
3769 0
3791 3
3813 3
3834 0
3856 2
3878 2
3900 0
3922 1
3943 1
3965 0
3987 1
4009 2
4031 2
4053 1
4074 2
4096 2
4118 1
4140 2
4162 2
4183 2
4205 0
4227 3
4249 3
4271 0
4293 2
4314 2
4336 0
4358 1
4423 0
4445 1
4467 2
4489 0
4511 1
4533 2
4554 0
4576 1
4598 2
4620 2
4642 1
4663 3
4685 2
4707 1
4729 3
4751 2
4773 1
4794 3
4816 3
4838 2
4860 0
4882 1
4903 2
4925 0
4947 1
4969 2
4991 0
5013 1
5034 2
5056 2
5078 1
5100 3
5122 2
5143 1
5165 3
5187 2
5209 1
5231 3
5253 3
5274 2
5296 1
5307 1
5362 1
5373 1
5427 1
5438 1
5514 2
5525 2
5580 2
5591 2
5645 0
5656 0
5711 0
5733 1
5743 1
5798 1
5809 1
5863 1
5874 1
5951 2
5962 2
6016 3
6027 3
6082 2
6093 2
6125 2
6147 3
6169 1
6180 1
6234 1
6245 1
6300 1
6311 1
6387 2
6398 2
6453 2
6463 2
6518 0
6529 0
6583 0
6605 1
6616 1
6671 1
6682 1
6736 1
6747 1
6823 1
6889 2
6954 3
6965 3
6998 2
7020 3
7042 1
7107 3
7194 1
7205 1
7238 0
7303 2
7369 1
7434 3
7456 2
7478 1
7543 3
7631 1
7642 1
7674 0
7740 1
7805 2
7871 3
7893 2
7914 1
7980 3
8067 1
8078 1
8111 0
8176 2
8242 1
8307 3
8329 2
8351 1
8416 3
8503 1
8514 1
8547 0
8613 1
8678 2
8743 3
8765 2
8787 1
8853 3
8940 1
8951 1
8983 0
9049 3
9114 2
9180 3
9202 2
9223 1
9289 3
9376 1
9387 1
9420 1
9485 2
9551 3
9616 1
9638 2
9660 0
9682 1
9703 2
9725 0
9747 1
9769 2
9791 0
9813 1
9834 2
9856 2
9878 1
9900 3
9922 2
9943 1
9965 3
9987 2
10009 1
10031 3
10053 3
10074 2
10096 0
10118 1
10140 2
10162 0
10183 1
10205 2
10227 0
10249 1
10271 2
10293 2
10314 1
10336 3
10358 2
10380 1
10402 3
10423 2
10445 1
10467 3
10489 3
10511 2
10533 0
10554 1
10576 2
10598 0
10620 1
10642 2
10663 0
10685 1
10707 2
10729 2
10751 1
10773 3
10794 2
10816 1
10838 3
10860 2
10882 1
10903 3
10925 3
10947 2
10969 0
10991 1
11013 2
11034 0
11056 1
11078 2
11100 0
11122 1
11143 2
11165 2
11187 1
11209 3
11231 2
11253 1
11274 3
11296 2
11318 1
11340 3
11362 3
11383 2
11613 1
12049 0
12485 1
12922 0
13042 0
13063 2
13085 2
13107 1
13129 1
13151 2
13173 2
13194 1
13216 2
13238 2
13260 1
13282 2
13303 2
13325 2
13347 0
13369 3
13391 3
13413 0
13434 2
13456 2
13478 0
13500 1
13522 1
13543 0
13565 1
13587 2
13609 2
13631 1
13653 2
13674 2
13696 1
13718 2
13740 2
13762 2
13783 0
13805 3
13827 3
13849 0
13871 2
13893 2
13914 0
13936 1
13958 1
13980 0
14002 1
14023 2
14045 2
14067 1
14089 2
14111 2
14133 1
14154 2
14176 2
14198 2
14220 0
14242 3
14263 3
14285 0
14307 2
14329 2
14351 0
14373 1
14394 1
14416 0
14438 1
14460 2
14482 2
14503 1
14525 2
14547 2
14569 1
14591 2
14613 2
14634 2
14656 0
14678 3
14700 3
14722 0
14743 2
14765 2
14787 0
14809 1
14874 1
14896 2
14918 2
14940 1
14962 2
14983 2
15005 1
15027 2
15049 2
15071 2
15093 0
15114 3
15136 3
15158 0
15180 2
15202 2
15223 0
15245 1
15267 1
15289 0
15311 1
15333 2
15354 2
15376 1
15398 2
15420 2
15442 1
15463 2
15485 2
15507 2
15529 0
15551 3
15573 3
15594 0
15616 2
15638 2
15660 0
15682 1
15703 1
15725 0
15747 1
15769 2
15791 2
15813 1
15834 2
15856 2
15878 1
15900 2
15922 2
15943 2
15965 0
15987 3
16009 3
16031 0
16053 2
16074 2
16096 0
16118 1
16140 1
16162 0
16183 1
16205 2
16227 2
16249 1
16271 2
16293 2
16314 1
16336 2
16358 2
16380 2
16402 0
16423 3
16445 3
16467 0
16489 2
16511 2
16533 0
16554 1
16576 1
16598 0
16620 1
16642 2
16663 2
16685 1
16707 2
16729 2
16751 1
16773 2
16794 2
16816 2
16838 0
16860 3
16882 3
16903 0
16925 2
16947 2
16969 0
16991 1
17013 1
17034 0
17056 1
17078 2
17100 2
17122 1
17143 2
17165 2
17187 1
17209 2
17231 2
17253 2
17274 0
17296 3
17318 3
17340 0
17362 2
17383 2
17405 0
17427 1
17449 1
17471 0
17493 1
17514 2
17536 2
17558 1
17580 2
17602 2
17623 1
17645 2
17667 2
17689 2
17711 0
17733 3
17754 3
17776 0
17798 2
17820 2
17842 0
17863 1
17885 1
17907 0
17929 1
17951 2
17973 2
17994 1
18016 2
18038 2
18060 1
18082 2
18103 2
18125 2
18147 0
18169 3
18191 3
18213 0
18234 2
18256 2
18278 0
18300 1
18322 1
18343 0
18365 1
18387 2
18409 2
18431 1
18453 2
18474 2
18496 1
18518 2
18540 2
18562 2
18583 0
18605 3
18627 3
18649 0
18671 2
18693 2
18714 0
18736 1
18758 1
18780 0
18802 1
18823 2
18845 2
18867 1
18889 2
18911 2
18933 1
18954 2
18976 2
18998 2
19020 0
19042 3
19063 3
19085 0
19107 2
19129 2
19151 0
19173 1
