# Song:    notes_song3.chart
# Section: [ExpertSingle] | Resolution: 192 | Offset: -1.0
# Notes:   310 (raw: 860, density filter: min_dist=96)
# Range:   MINIX tick 60 -> 12430 (~207.2s at 60Hz)
# Format:  MINIX_TICK LANE  (lanes 0=Verde 1=Vermelho 2=Amarelo 3=Azul 4=Laranja)
#
60 1
76 1
93 1
190 0
206 0
222 1
320 0
336 0
352 1
385 0
400 0
416 1
447 0
479 1
495 1
577 1
594 1
610 1
706 0
722 0
737 1
832 0
848 0
864 1
895 0
911 0
927 1
958 0
990 1
1005 1
1083 1
1099 1
1115 1
1209 0
1224 0
1240 1
1335 0
1350 0
1366 1
1398 0
1413 0
1429 1
1460 0
1491 1
1507 1
1585 1
1601 1
1616 1
1710 0
1726 0
1741 1
1835 0
1850 0
1866 1
1897 0
1913 0
1929 1
1960 0
1991 1
2007 1
2085 1
2100 1
2116 1
2210 0
2225 0
2241 1
2334 0
2349 0
2365 1
2396 0
2411 0
2426 1
2457 0
2488 1
2504 1
2582 1
2598 1
2613 1
2708 0
2723 0
2739 1
2832 0
2847 0
2863 1
2894 0
2909 0
2925 1
2956 0
3033 0
3048 0
3064 0
3079 0
3094 0
3110 0
3125 0
3140 0
3155 0
3171 0
3186 0
3201 0
3216 0
3231 0
3339 1
3386 1
3401 1
3586 1
3632 1
3647 1
3833 1
3879 1
3894 1
4079 1
4319 1
4335 1
4351 1
4445 0
4460 0
4476 1
4569 0
4584 0
4600 1
4631 0
4646 0
4662 1
4693 0
4724 1
4739 1
4817 1
4833 1
4848 1
4943 0
4958 0
4974 1
5069 0
5085 0
5100 1
5132 0
5147 0
5163 1
5194 0
5225 1
5240 1
5318 1
5334 1
5350 1
5443 0
5459 0
5475 1
5568 0
5583 0
5599 1
5630 0
5646 0
5661 1
5692 0
5723 1
5739 1
5816 1
5831 1
5847 1
5940 0
5956 0
5971 1
6065 0
6080 0
6096 1
6127 0
6142 0
6158 1
6188 0
6265 0
6281 0
6296 0
6311 0
6327 0
6342 0
6358 0
6373 0
6388 0
6404 0
6419 0
6435 0
6575 1
6621 1
6637 1
6822 1
6868 1
6884 1
7069 1
7115 1
7131 1
7316 1
7552 2
7754 2
7801 1
7939 1
7954 2
7970 3
8001 4
8016 2
8047 4
8062 2
8093 4
8108 2
8124 3
8139 3
8154 3
8170 3
8185 3
8201 2
8278 1
8294 2
8309 2
8356 0
8371 4
8418 2
8433 1
8449 0
8495 2
8526 4
8557 2
8573 1
8619 0
8650 4
8665 0
8742 2
8757 0
8772 1
8788 0
8803 1
8864 0
8879 0
8895 3
8910 3
8925 3
8941 3
8956 2
9095 3
9131 3
9157 1
9172 0
9203 0
9218 1
9234 0
9419 2
9434 3
9449 2
9588 2
9638 3
9663 3
9678 2
9777 2
9800 4
9815 2
9831 2
9846 2
9861 0
9877 1
10032 3
10279 3
10340 3
10463 3
10647 1
10662 0
10788 3
11430 3
11445 4
11460 3
11475 4
11488 3
11502 4
11517 3
11531 4
11545 3
11559 4
11573 3
11587 4
11601 3
11615 4
11629 3
11643 4
11658 3
11672 4
11686 4
11700 4
11714 4
11728 4
11742 4
11756 4
11770 4
11784 4
11798 4
11812 4
11831 4
11852 1
11869 1
11886 1
11902 1
11919 1
11936 1
11953 1
11970 1
11987 1
12004 1
12021 1
12038 1
12054 1
12071 1
12088 1
12430 3
